1 00005U 58002B   17015.67474513 -.00000133  00000-0 -15953-3 0  9996
2 00005  34.2440 114.6074 1844696 133.5844 243.3444 10.84707268 69735
1 00011U 59001A   17016.52915924  .00000095  00000-0  55929-4 0  9997
2 00011  32.8686  59.6211 1468649  48.1729 323.5279 11.85413876468586
1 00012U 59001B   17016.49626379  .00000309  00000-0  17981-3 0  9990
2 00012  32.9040  36.6713 1667951 355.7160   3.0589 11.44104526379575
1    16U 58002A   17014.72676407 -.00000092 +00000-0 -11085-3 0  9995
2    16 034.2619 162.9792 2027994 008.6285 354.4311 10.48669619327634
1 00020U 59007A   17016.19797379  .00000158  00000-0  66639-4 0  9998
2 00020  33.3442 308.0325 1668050 126.5200 250.0842 11.55398779 86219
1    22U 59009A   17015.90239266 +.00000215 +00000-0 +39935-4 0  9999
2    22 050.2831 195.5546 0142787 172.2883 188.0306 14.93905448283635
1 00029U 60002B   17016.50614410 -.00000111  00000-0  14492-4 0  9993
2 00029  48.3805  77.1643 0024691 293.4482  66.3834 14.74132702 34528
1 00045U 60007A   17015.53480844 -.00000069  00000-0  94305-5 0  9994
2 00045  66.6949  71.7618 0251675 146.0423 215.7080 14.33532298943680
1 00046U 60007B   17016.18594707 -.00000065  00000-0  10456-4 0  9991
2 00046  66.6891 178.6953 0213750 339.6948  19.5751 14.48984985958232
1 00047U 60007C   17015.84049528 -.00000025  00000-0  19384-4 0  9995
2 00047  66.6652 253.1279 0223140 138.0709 223.7726 14.41888550955106
1 00050U 60009B   17015.50811564 -.00000083  00000-0  19039-4 0  9992
2 00050  47.2329  37.5420 0114143 203.8340 155.7136 12.20099323518181
1 00051U 60009C   17016.00775713 -.00000048  00000-0  37055-3 0  9992
2 00051  47.2111 249.7776 0108179  50.6232 310.4080 12.18270002511882
1    53U 60009E   17015.77711897 -.00000085 +00000-0 +00000-0 0  9998
2    53 047.2754 149.5159 0096525 352.0370 007.8884 12.17191701516478
1 00058U 60013A   17016.18164094  .00000105  00000-0  26555-4 0  9994
2 00058  28.3285 307.3706 0165054 174.7969 185.4328 13.46306963770807
1 00059U 60013B   17015.81062015  .00000099  00000-0  94889-5 0  9992
2 00059  28.2483 152.0586 0189277 246.2483 111.8104 13.52946873777884
1    82U 61004B   17015.81575647 +.00000027 +00000-0 +55902-4 0  9992
2    82 038.8533 140.9152 1167644 178.4777 181.9944 12.25806366654565
1    85U 61004C   17015.71236030 +.00003266 +00000-0 +74594-3 0  9999
2    85 038.7737 254.3722 0399570 123.1024 240.8734 14.17170733753660
1 00107U 61013A   17015.48381007  .00000360  00000-0  26256-4 0  9998
2 00107  28.7908  31.5632 0549860 200.1885 157.6122 14.08155620789527
1   115U 60002D   17015.59221260 -.00000059 +00000-0 +20319-4 0  9990
2   115 048.1658 157.0684 0034901 147.9123 212.3924 14.82986614006419
1 00116U 61015A   17016.50689563 -.00000084  00000-0 -57303-5 0  9995
2 00116  66.8102  18.7901 0074001 168.5423 191.7363 13.91702056818652
1 00117U 61015B   17016.22390177 -.00000052  00000-0  19223-4 0  9997
2 00117  66.8131 105.2600 0078457 187.3659 172.6274 13.89803929816578
1   118U 61015C   17015.91505276 -.00000069 +00000-0 +67382-5 0  9999
2   118 066.7650 347.9413 0082198 176.9064 183.2546 14.01541068834086
1   119U 61015D   17015.89334916 -.00000121 +00000-0 -15301-4 0  9991
2   119 066.7295 289.9519 0110201 227.2886 131.8891 14.22900836868593
1 00120U 61015E   17016.50837264  .00000255  00000-0  13451-3 0  9995
2 00120  66.7069  11.1742 0122570 321.1947  38.0392 14.24889240858399
1   121U 61015F   17015.93466026 -.00000059 +00000-0 +13167-4 0  9994
2   121 066.7489 304.9903 0099936 247.7258 111.3205 13.99622621844993
1 00122U 61015G   17016.51044073  .00000286  00000-0  66877-4 0  9991
2 00122  66.7516 113.7181 0069876  28.3114 332.1773 14.68076091907942
1   123U 61015H   17015.89336676 +.00000004 +00000-0 +30432-4 0  9991
2   123 066.6835 189.8692 0122715 261.9421 096.7743 14.36707417885050
1   124U 61015J   17015.94165569 +.00000162 +00000-0 +93208-4 0  9994
2   124 066.5445 321.9525 0078345 348.6050 011.3269 14.29995811866594
1   125U 61015K   17015.94069645 +.00000014 +00000-0 +55978-4 0  9991
2   125 066.8752 235.3442 0070425 056.2732 304.5040 14.05271020833811
1   126U 61015L   17015.88558710 +.00000084 +00000-0 +57666-4 0  9994
2   126 066.7113 204.3151 0074424 266.7660 092.4924 14.35587410870075
1 00127U 61015M   17016.22347399  .00000161  00000-0  79697-4 0  9997
2 00127  66.8314  52.2172 0067386 117.2875 243.5113 14.38045336871428
1   128U 61015N   17015.94120120 -.00000044 +00000-0 +22911-4 0  9995
2   128 066.6754 130.9716 0091801 159.8702 200.6040 14.01084770833171
1 00130U 61015Q   17015.83820877 -.00000047  00000-0  21252-4 0  9992
2 00130  66.7712 133.7045 0086635 187.2464 172.7374 13.98613985830935
1   131U 61015R   17015.48071139 -.00000031 +00000-0 +31385-4 0  9994
2   131 066.7355 028.0575 0087322 303.6938 055.5842 14.00544795821649
1   132U 61015S   17015.91285859 -.00000075 +00000-0 +29442-5 0  9999
2   132 066.6585 188.4400 0076796 344.1814 015.6867 13.94258809824151
1   133U 61015T   17015.94874303 +.00000369 +00000-0 +21675-3 0  9994
2   133 067.1161 268.9790 0056906 351.4755 008.5367 14.17672398845451
1   134U 61015U   17015.93149979 -.00000032 +00000-0 +32019-4 0  9991
2   134 066.8786 224.5153 0079160 155.2428 205.2486 13.96705521825284
1 00136U 61015W   17016.16719347  .00000285  00000-0  13117-3 0  9997
2 00136  67.5305  48.6455 0056448 269.6050  89.8588 14.32846729863778
1   138U 61015Y   17015.83771895 +.00000231 +00000-0 +20275-3 0  9992
2   138 067.1546 258.3546 0036863 288.6548 071.0538 14.01283360820601
1 00141U 61015AB  17016.51475581  .00000035  00000-0  95735-4 0  9991
2 00141  66.5878 182.5964 0050905 135.0104 225.5112 13.86545886795188
1   144U 61015AE  17015.71887034 +.00000024 +00000-0 +83208-4 0  9995
2   144 066.4990 242.6153 0039337 025.6581 334.6435 13.89851021806493
1 00145U 61015AF  17015.82471496  .00000037  00000-0  75378-4 0  9992
2 00145  66.9260 251.2567 0069009 304.9462  54.5153 14.01086210835148
1   147U 61015AH  17015.90589171 -.00000124 +00000-0 -18869-4 0  9994
2   147 066.6183 242.7614 0061406 306.1038 053.4377 14.18558378846083
1 00148U 61015AJ  17016.10036419  .00000250  00000-0  18629-3 0  9991
2 00148  65.7762  99.8769 0161287 268.0230  90.2370 14.05079972275719
1   150U 61015AL  17015.56938671 +.00000051 +00000-0 +12195-3 0  9995
2   150 066.2482 080.5981 0056029 089.4392 271.3097 13.80849375633261
1 00152U 61015AN  17015.62672027 -.00000138  00000-0 -28924-4 0  9990
2 00152  66.5947  62.3219 0153642   8.1889 352.1650 14.08981713841248
1 00154U 61015AQ  17016.12719245  .00000030  00000-0  67101-4 0  9991
2 00154  66.6580 159.5431 0088252 217.5234 141.9671 14.04236481833972
1 00155U 61015AR  17015.42134552  .00000148  00000-0  75985-4 0  9995
2 00155  66.8808  12.3516 0044041  36.3569 324.0513 14.38360186865694
1   158U 61015AU  17015.58862252 -.00000094 +00000-0 -10695-3 0  9998
2   158 067.0742 084.3484 0610161 170.9359 190.3296 12.65071820570130
1 00159U 61015AV  17015.81099507  .00000167  00000-0  55027-3 0  9997
2 00159  65.5251 270.2988 0369696  26.6049 335.3430 13.01883446633497
